Template: NONE
DangerType: Blizzard
WaveSpeed: 0.3567698
WaveLength: 0.9283849
WaveAmplitude: 2.471682E-08
SecondWaveLength: 0.1666667
SecondWaveAmplitude: 0
Clouds: 1
Grime: 0.3586957
Palette: 12
PlacedObjects: ReliableSpear><789.9304><287.0866><, SnowSource><433.9139><86.18054><Radial~89~284~50~86.60254~1~1, 
AmbientSounds: OMNI><AM_ENV-LightWind.ogg><749.6437><516.8306><0.1630435><1, 
FadePalette: 10, 0.4021739
