Template: NONE
DangerType: None
WaveSpeed: 0.2512369
WaveLength: 0.8756185
WaveAmplitude: 7.804492E-06
SecondWaveLength: 0.1666667
SecondWaveAmplitude: 0
Grime: 0.3586957
Palette: 12
PlacedObjects: SnowSource><839.665><295.887><Radial~295~91~50~86.60254~1~1, 
AmbientSounds: OMNI><AM_ENV-LushNight.ogg><793.4105><501.3694><0.2391304><1, OMNI><AM_ENV-Outside.ogg><726.3838><475.5872><0.2173913><1, 
FadePalette: 10, 0.4347826
