Template: NONE
DangerType: Blizzard
WaveSpeed: 0.7391126
WaveLength: 0.8804437
WaveAmplitude: 2.602377E-05
SecondWaveLength: 0.1666667
SecondWaveAmplitude: 0
Clouds: 1
Grime: 0.3586957
Palette: 12
FadePalette: 10, 0.4021739
