Template: NONE
DangerType: Blizzard
WaveSpeed: 0.6960875
WaveLength: 0.9019562
WaveAmplitude: 0.0001082087
SecondWaveLength: 0.1666667
SecondWaveAmplitude: 0
Clouds: 1
Grime: 0.3586957
Palette: 12
PlacedObjects: ReliableSpear><789.9304><287.0866><, 
FadePalette: 10, 0.4021739
