Template: NONE
DangerType: Blizzard
WaveSpeed: 0.5142222
WaveLength: 0.9928889
WaveAmplitude: 0.001374432
SecondWaveLength: 0.1666667
SecondWaveAmplitude: 0
Grime: 0.3586957
Palette: 37
PlacedObjects: SnowSource><469.0645><401.5746><None~613~7~50~86.60254~0.2934783~0, 
AmbientSounds: OMNI><AM_ENV-LushNight.ogg><793.4105><501.3694><0.2391304><1, OMNI><AM_ENV-Outside.ogg><726.3838><475.5872><0.2173913><1, 
FadePalette: 30, 0.2717391
